Intrinsic: 
4.18406 0 0
0 -0.0159501 0
0 4.24683 9.05584
Extrinsic: 
-0.999178 0.00383924 0.0403455
0.0404521 0.0336859 0.998613
0.00247485 0.999425 -0.0338135
0 0 0
K: 
-0.087671 0.101092 -0.111333 0.0465494
Width / Height: 
1270 720
Translation: -0.282008 -67.3799 0.844254
Rotation: 91.9377 -0.141798 177.682
W/H: 1270 720
K: -0.087671 0.101092-0.111333 0.0465494
Intrinsic: 
4.18406 -0.0159501 9.05584 0
0 4.24683 5.67465 0
0 0 0.0148433 0
0 0 0 1
Extrinsic: 
-0.999178 0.00383924 0.0403455 -0.0571501
0.0404521 0.0336859 0.998613 1.43807
0.00247485 0.999425 -0.0338135 67.3704
0 0 0 1
Intrinsic: 
4.18406 0 0
0 -0.0159501 0
0 4.24683 9.05584
Extrinsic: 
-0.999178 0.00383924 0.0403455
0.0404521 0.0336859 0.998613
0.00247485 0.999425 -0.0338135
0 0 0
K: 
-0.087671 0.101092 -0.111333 0.0465494
Width / Height: 
1270 720
Translation: -0.282008 -67.3799 0.844254
Rotation: 91.9377 -0.141798 177.682
W/H: 1270 720
K: -0.087671 0.101092-0.111333 0.0465494
Intrinsic: 
4.18406 -0.0159501 9.05584 0
0 4.24683 5.67465 0
0 0 0.0148433 0
0 0 0 1
Extrinsic: 
-0.999178 0.00383924 0.0403455 -0.0571501
0.0404521 0.0336859 0.998613 1.43807
0.00247485 0.999425 -0.0338135 67.3704
0 0 0 1
Intrinsic: 
4.18406 0 0
0 -0.0159501 0
0 4.24683 9.05584
Extrinsic: 
-0.999178 0.00383924 0.0403455
0.0404521 0.0336859 0.998613
0.00247485 0.999425 -0.0338135
0 0 0
K: 
-0.087671 0.101092 -0.111333 0.0465494
Width / Height: 
1270 720
Translation: -0.282008 -67.3799 0.844254
Rotation: 91.9377 -0.141798 177.682
W/H: 1270 720
K: -0.087671 0.101092-0.111333 0.0465494
Intrinsic: 
4.18406 -0.0159501 9.05584 0
0 4.24683 5.67465 0
0 0 0.0148433 0
0 0 0 1
Extrinsic: 
-0.999178 0.00383924 0.0403455 -0.0571501
0.0404521 0.0336859 0.998613 1.43807
0.00247485 0.999425 -0.0338135 67.3704
0 0 0 1
Intrinsic: 
4.18406 0 0
0 -0.0159501 0
0 4.24683 9.05584
Extrinsic: 
-0.999178 0.00383924 0.0403455
0.0404521 0.0336859 0.998613
0.00247485 0.999425 -0.0338135
0 0 0
K: 
-0.087671 0.101092 -0.111333 0.0465494
Width / Height: 
1270 720
Translation: -0.282008 -67.3799 0.844254
Rotation: 91.9377 -0.141798 177.682
W/H: 1270 720
K: -0.087671 0.101092-0.111333 0.0465494
Intrinsic: 
4.18406 -0.0159501 9.05584 0
0 4.24683 5.67465 0
0 0 0.0148433 0
0 0 0 1
Extrinsic: 
-0.999178 0.00383924 0.0403455 -0.0571501
0.0404521 0.0336859 0.998613 1.43807
0.00247485 0.999425 -0.0338135 67.3704
0 0 0 1
Intrinsic: 
4.18406 0 0
0 -0.0159501 0
0 4.24683 9.05584
Extrinsic: 
-0.999178 0.00383924 0.0403455
0.0404521 0.0336859 0.998613
0.00247485 0.999425 -0.0338135
0 0 0
K: 
-0.087671 0.101092 -0.111333 0.0465494
Width / Height: 
1270 720
Translation: -0.282008 -67.3799 0.844254
Rotation: 91.9377 -0.141798 177.682
W/H: 1270 720
K: -0.087671 0.101092-0.111333 0.0465494
Intrinsic: 
4.18406 -0.0159501 9.05584 0
0 4.24683 5.67465 0
0 0 0.0148433 0
0 0 0 1
Extrinsic: 
-0.999178 0.00383924 0.0403455 -0.0571501
0.0404521 0.0336859 0.998613 1.43807
0.00247485 0.999425 -0.0338135 67.3704
0 0 0 1
Intrinsic: 
4.18406 0 0
0 -0.0159501 0
0 4.24683 9.05584
Extrinsic: 
-0.999178 0.00383924 0.0403455
0.0404521 0.0336859 0.998613
0.00247485 0.999425 -0.0338135
0 0 0
K: 
-0.087671 0.101092 -0.111333 0.0465494
Width / Height: 
1270 720
Translation: -0.282008 -67.3799 0.844254
Rotation: 91.9377 -0.141798 177.682
W/H: 1270 720
K: -0.087671 0.101092-0.111333 0.0465494
Intrinsic: 
4.18406 -0.0159501 9.05584 0
0 4.24683 5.67465 0
0 0 0.0148433 0
0 0 0 1
Extrinsic: 
-0.999178 0.00383924 0.0403455 -0.0571501
0.0404521 0.0336859 0.998613 1.43807
0.00247485 0.999425 -0.0338135 67.3704
0 0 0 1
Intrinsic: 
4.18406 0 0
0 -0.0159501 0
0 4.24683 9.05584
Extrinsic: 
-0.999178 0.00383924 0.0403455
0.0404521 0.0336859 0.998613
0.00247485 0.999425 -0.0338135
0 0 0
K: 
-0.087671 0.101092 -0.111333 0.0465494
Width / Height: 
1270 720
Translation: -0.282008 -67.3799 0.844254
Rotation: 91.9377 -0.141798 177.682
W/H: 1270 720
K: -0.087671 0.101092-0.111333 0.0465494
Intrinsic: 
4.18406 -0.0159501 9.05584 0
0 4.24683 5.67465 0
0 0 0.0148433 0
0 0 0 1
Extrinsic: 
-0.999178 0.00383924 0.0403455 -0.0571501
0.0404521 0.0336859 0.998613 1.43807
0.00247485 0.999425 -0.0338135 67.3704
0 0 0 1
Intrinsic: 
4.18406 0 0
0 -0.0159501 0
0 4.24683 9.05584
Extrinsic: 
-0.999178 0.00383924 0.0403455
0.0404521 0.0336859 0.998613
0.00247485 0.999425 -0.0338135
0 0 0
K: 
-0.087671 0.101092 -0.111333 0.0465494
Width / Height: 
1270 720
Translation: -0.282008 -67.3799 0.844254
Rotation: 91.9377 -0.141798 177.682
W/H: 1270 720
K: -0.087671 0.101092-0.111333 0.0465494
Intrinsic: 
4.18406 -0.0159501 9.05584 0
0 4.24683 5.67465 0
0 0 0.0148433 0
0 0 0 1
Extrinsic: 
-0.999178 0.00383924 0.0403455 -0.0571501
0.0404521 0.0336859 0.998613 1.43807
0.00247485 0.999425 -0.0338135 67.3704
0 0 0 1
Intrinsic: 
4.18406 0 0
0 -0.0159501 0
0 4.24683 9.05584
Extrinsic: 
-0.999178 0.00383924 0.0403455
0.0404521 0.0336859 0.998613
0.00247485 0.999425 -0.0338135
0 0 0
K: 
-0.087671 0.101092 -0.111333 0.0465494
Width / Height: 
1270 720
Translation: -0.282008 -67.3799 0.844254
Rotation: 91.9377 -0.141798 177.682
W/H: 1270 720
K: -0.087671 0.101092-0.111333 0.0465494
Intrinsic: 
4.18406 -0.0159501 9.05584 0
0 4.24683 5.67465 0
0 0 0.0148433 0
0 0 0 1
Extrinsic: 
-0.999178 0.00383924 0.0403455 -0.0571501
0.0404521 0.0336859 0.998613 1.43807
0.00247485 0.999425 -0.0338135 67.3704
0 0 0 1
Intrinsic: 
4.18406 0 0
0 -0.0159501 0
0 4.24683 9.05584
Extrinsic: 
-0.999178 0.00383924 0.0403455
0.0404521 0.0336859 0.998613
0.00247485 0.999425 -0.0338135
0 0 0
K: 
-0.087671 0.101092 -0.111333 0.0465494
Width / Height: 
1270 720
Translation: -0.282008 -67.3799 0.844254
Rotation: 91.9377 -0.141798 177.682
W/H: 1270 720
K: -0.087671 0.101092-0.111333 0.0465494
Intrinsic: 
4.18406 -0.0159501 9.05584 0
0 4.24683 5.67465 0
0 0 0.0148433 0
0 0 0 1
Extrinsic: 
-0.999178 0.00383924 0.0403455 -0.0571501
0.0404521 0.0336859 0.998613 1.43807
0.00247485 0.999425 -0.0338135 67.3704
0 0 0 1
Intrinsic: 
4.18406 0 0
0 -0.0159501 0
0 4.24683 9.05584
Extrinsic: 
-0.999178 0.00383924 0.0403455
0.0404521 0.0336859 0.998613
0.00247485 0.999425 -0.0338135
0 0 0
K: 
-0.087671 0.101092 -0.111333 0.0465494
Width / Height: 
1270 720
Translation: -0.282008 -67.3799 0.844254
Rotation: 91.9377 -0.141798 177.682
W/H: 1270 720
K: -0.087671 0.101092-0.111333 0.0465494
Intrinsic: 
4.18406 -0.0159501 9.05584 0
0 4.24683 5.67465 0
0 0 0.0148433 0
0 0 0 1
Extrinsic: 
-0.999178 0.00383924 0.0403455 -0.0571501
0.0404521 0.0336859 0.998613 1.43807
0.00247485 0.999425 -0.0338135 67.3704
0 0 0 1
Intrinsic: 
4.18406 0 0
0 -0.0159501 0
0 4.24683 9.05584
Extrinsic: 
-0.999178 0.00383924 0.0403455
0.0404521 0.0336859 0.998613
0.00247485 0.999425 -0.0338135
0 0 0
K: 
-0.087671 0.101092 -0.111333 0.0465494
Width / Height: 
1270 720
Translation: -0.282008 -67.3799 0.844254
Rotation: 91.9377 -0.141798 177.682
W/H: 1270 720
K: -0.087671 0.101092-0.111333 0.0465494
Intrinsic: 
4.18406 -0.0159501 9.05584 0
0 4.24683 5.67465 0
0 0 0.0148433 0
0 0 0 1
Extrinsic: 
-0.999178 0.00383924 0.0403455 -0.0571501
0.0404521 0.0336859 0.998613 1.43807
0.00247485 0.999425 -0.0338135 67.3704
0 0 0 1
Intrinsic: 
4.18406 0 0
0 -0.0159501 0
0 4.24683 9.05584
Extrinsic: 
-0.999178 0.00383924 0.0403455
0.0404521 0.0336859 0.998613
0.00247485 0.999425 -0.0338135
0 0 0
K: 
-0.087671 0.101092 -0.111333 0.0465494
Width / Height: 
1270 720
Translation: -0.282008 -67.3799 0.844254
Rotation: 91.9377 -0.141798 177.682
W/H: 1270 720
K: -0.087671 0.101092-0.111333 0.0465494
Intrinsic: 
4.18406 -0.0159501 9.05584 0
0 4.24683 5.67465 0
0 0 0.0148433 0
0 0 0 1
Extrinsic: 
-0.999178 0.00383924 0.0403455 -0.0571501
0.0404521 0.0336859 0.998613 1.43807
0.00247485 0.999425 -0.0338135 67.3704
0 0 0 1
Intrinsic: 
4.18406 0 0
0 -0.0159501 0
0 4.24683 9.05584
Extrinsic: 
-0.999178 0.00383924 0.0403455
0.0404521 0.0336859 0.998613
0.00247485 0.999425 -0.0338135
0 0 0
K: 
-0.087671 0.101092 -0.111333 0.0465494
Width / Height: 
1270 720
Translation: -0.282008 -67.3799 0.844254
Rotation: 91.9377 -0.141798 177.682
W/H: 1270 720
K: -0.087671 0.101092-0.111333 0.0465494
Intrinsic: 
4.18406 -0.0159501 9.05584 0
0 4.24683 5.67465 0
0 0 0.0148433 0
0 0 0 1
Extrinsic: 
-0.999178 0.00383924 0.0403455 -0.0571501
0.0404521 0.0336859 0.998613 1.43807
0.00247485 0.999425 -0.0338135 67.3704
0 0 0 1
Intrinsic: 
4.18406 0 0
0 -0.0159501 0
0 4.24683 9.05584
Extrinsic: 
-0.999178 0.00383924 0.0403455
0.0404521 0.0336859 0.998613
0.00247485 0.999425 -0.0338135
0 0 0
K: 
-0.087671 0.101092 -0.111333 0.0465494
Width / Height: 
1270 720
Translation: -0.282008 -67.3799 0.844254
Rotation: 91.9377 -0.141798 177.682
W/H: 1270 720
K: -0.087671 0.101092-0.111333 0.0465494
Intrinsic: 
4.18406 -0.0159501 9.05584 0
0 4.24683 5.67465 0
0 0 0.0148433 0
0 0 0 1
Extrinsic: 
-0.999178 0.00383924 0.0403455 -0.0571501
0.0404521 0.0336859 0.998613 1.43807
0.00247485 0.999425 -0.0338135 67.3704
0 0 0 1
Intrinsic: 
4.18406 0 0
0 -0.0159501 0
0 4.24683 9.05584
Extrinsic: 
-0.999178 0.00383924 0.0403455
0.0404521 0.0336859 0.998613
0.00247485 0.999425 -0.0338135
0 0 0
K: 
-0.087671 0.101092 -0.111333 0.0465494
Width / Height: 
1270 720
Translation: -0.282008 -67.3799 0.844254
Rotation: 91.9377 -0.141798 177.682
W/H: 1270 720
K: -0.087671 0.101092-0.111333 0.0465494
Intrinsic: 
4.18406 -0.0159501 9.05584 0
0 4.24683 5.67465 0
0 0 0.0148433 0
0 0 0 1
Extrinsic: 
-0.999178 0.00383924 0.0403455 -0.0571501
0.0404521 0.0336859 0.998613 1.43807
0.00247485 0.999425 -0.0338135 67.3704
0 0 0 1
Intrinsic: 
4.18406 0 0
0 -0.0159501 0
0 4.24683 9.05584
Extrinsic: 
-0.999178 0.00383924 0.0403455
0.0404521 0.0336859 0.998613
0.00247485 0.999425 -0.0338135
0 0 0
K: 
-0.087671 0.101092 -0.111333 0.0465494
Width / Height: 
1270 720
Translation: -0.282008 -67.3799 0.844254
Rotation: 91.9377 -0.141798 177.682
W/H: 1270 720
K: -0.087671 0.101092-0.111333 0.0465494
Intrinsic: 
4.18406 -0.0159501 9.05584 0
0 4.24683 5.67465 0
0 0 0.0148433 0
0 0 0 1
Extrinsic: 
-0.999178 0.00383924 0.0403455 -0.0571501
0.0404521 0.0336859 0.998613 1.43807
0.00247485 0.999425 -0.0338135 67.3704
0 0 0 1
Intrinsic: 
4.18406 0 0
0 -0.0159501 0
0 4.24683 9.05584
Extrinsic: 
-0.999178 0.00383924 0.0403455
0.0404521 0.0336859 0.998613
0.00247485 0.999425 -0.0338135
0 0 0
K: 
-0.087671 0.101092 -0.111333 0.0465494
Width / Height: 
1270 720
Translation: -0.282008 -67.3799 0.844254
Rotation: 91.9377 -0.141798 177.682
W/H: 1270 720
K: -0.087671 0.101092-0.111333 0.0465494
Intrinsic: 
4.18406 -0.0159501 9.05584 0
0 4.24683 5.67465 0
0 0 0.0148433 0
0 0 0 1
Extrinsic: 
-0.999178 0.00383924 0.0403455 -0.0571501
0.0404521 0.0336859 0.998613 1.43807
0.00247485 0.999425 -0.0338135 67.3704
0 0 0 1
Intrinsic: 
4.18406 0 0
0 -0.0159501 0
0 4.24683 9.05584
Extrinsic: 
-0.999178 0.00383924 0.0403455
0.0404521 0.0336859 0.998613
0.00247485 0.999425 -0.0338135
0 0 0
K: 
-0.087671 0.101092 -0.111333 0.0465494
Width / Height: 
1270 720
Translation: -0.282008 -67.3799 0.844254
Rotation: 91.9377 -0.141798 177.682
W/H: 1270 720
K: -0.087671 0.101092-0.111333 0.0465494
Intrinsic: 
4.18406 -0.0159501 9.05584 0
0 4.24683 5.67465 0
0 0 0.0148433 0
0 0 0 1
Extrinsic: 
-0.999178 0.00383924 0.0403455 -0.0571501
0.0404521 0.0336859 0.998613 1.43807
0.00247485 0.999425 -0.0338135 67.3704
0 0 0 1
Intrinsic: 
4.18406 0 0
0 -0.0159501 0
0 4.24683 9.05584
Extrinsic: 
-0.999178 0.00383924 0.0403455
0.0404521 0.0336859 0.998613
0.00247485 0.999425 -0.0338135
0 0 0
K: 
-0.087671 0.101092 -0.111333 0.0465494
Width / Height: 
1270 720
Translation: -0.282008 -67.3799 0.844254
Rotation: 91.9377 -0.141798 177.682
W/H: 1270 720
K: -0.087671 0.101092-0.111333 0.0465494
Intrinsic: 
4.18406 -0.0159501 9.05584 0
0 4.24683 5.67465 0
0 0 0.0148433 0
0 0 0 1
Extrinsic: 
-0.999178 0.00383924 0.0403455 -0.0571501
0.0404521 0.0336859 0.998613 1.43807
0.00247485 0.999425 -0.0338135 67.3704
0 0 0 1
Intrinsic: 
4.18406 0 0
0 -0.0159501 0
0 4.24683 9.05584
Extrinsic: 
-0.999178 0.00383924 0.0403455
0.0404521 0.0336859 0.998613
0.00247485 0.999425 -0.0338135
0 0 0
K: 
-0.087671 0.101092 -0.111333 0.0465494
Width / Height: 
1270 720
Translation: -0.282008 -67.3799 0.844254
Rotation: 91.9377 -0.141798 177.682
W/H: 1270 720
K: -0.087671 0.101092-0.111333 0.0465494
Intrinsic: 
4.18406 -0.0159501 9.05584 0
0 4.24683 5.67465 0
0 0 0.0148433 0
0 0 0 1
Extrinsic: 
-0.999178 0.00383924 0.0403455 -0.0571501
0.0404521 0.0336859 0.998613 1.43807
0.00247485 0.999425 -0.0338135 67.3704
0 0 0 1
Intrinsic: 
4.18406 0 0
0 -0.0159501 0
0 4.24683 9.05584
Extrinsic: 
-0.999178 0.00383924 0.0403455
0.0404521 0.0336859 0.998613
0.00247485 0.999425 -0.0338135
0 0 0
K: 
-0.087671 0.101092 -0.111333 0.0465494
Width / Height: 
1270 720
Translation: -0.282008 -67.3799 0.844254
Rotation: 91.9377 -0.141798 177.682
W/H: 1270 720
K: -0.087671 0.101092-0.111333 0.0465494
Intrinsic: 
4.18406 -0.0159501 9.05584 0
0 4.24683 5.67465 0
0 0 0.0148433 0
0 0 0 1
Extrinsic: 
-0.999178 0.00383924 0.0403455 -0.0571501
0.0404521 0.0336859 0.998613 1.43807
0.00247485 0.999425 -0.0338135 67.3704
0 0 0 1
Intrinsic: 
4.18406 0 0
0 -0.0159501 0
0 4.24683 9.05584
Extrinsic: 
-0.999178 0.00383924 0.0403455
0.0404521 0.0336859 0.998613
0.00247485 0.999425 -0.0338135
0 0 0
K: 
-0.087671 0.101092 -0.111333 0.0465494
Width / Height: 
1270 720
Translation: -0.282008 -67.3799 0.844254
Rotation: 91.9377 -0.141798 177.682
W/H: 1270 720
K: -0.087671 0.101092-0.111333 0.0465494
Intrinsic: 
4.18406 -0.0159501 9.05584 0
0 4.24683 5.67465 0
0 0 0.0148433 0
0 0 0 1
Extrinsic: 
-0.999178 0.00383924 0.0403455 -0.0571501
0.0404521 0.0336859 0.998613 1.43807
0.00247485 0.999425 -0.0338135 67.3704
0 0 0 1
Intrinsic: 
4.18406 0 0
0 -0.0159501 0
0 4.24683 9.05584
Extrinsic: 
-0.999178 0.00383924 0.0403455
0.0404521 0.0336859 0.998613
0.00247485 0.999425 -0.0338135
0 0 0
K: 
-0.087671 0.101092 -0.111333 0.0465494
Width / Height: 
1270 720
Translation: -0.282008 -67.3799 0.844254
Rotation: 91.9377 -0.141798 177.682
W/H: 1270 720
K: -0.087671 0.101092-0.111333 0.0465494
Intrinsic: 
4.18406 -0.0159501 9.05584 0
0 4.24683 5.67465 0
0 0 0.0148433 0
0 0 0 1
Extrinsic: 
-0.999178 0.00383924 0.0403455 -0.0571501
0.0404521 0.0336859 0.998613 1.43807
0.00247485 0.999425 -0.0338135 67.3704
0 0 0 1
Intrinsic: 
4.18406 0 0
0 -0.0159501 0
0 4.24683 9.05584
Extrinsic: 
-0.999178 0.00383924 0.0403455
0.0404521 0.0336859 0.998613
0.00247485 0.999425 -0.0338135
0 0 0
K: 
-0.087671 0.101092 -0.111333 0.0465494
Width / Height: 
1270 720
Translation: -0.282008 -67.3799 0.844254
Rotation: 91.9377 -0.141798 177.682
W/H: 1270 720
K: -0.087671 0.101092-0.111333 0.0465494
Intrinsic: 
4.18406 -0.0159501 9.05584 0
0 4.24683 5.67465 0
0 0 0.0148433 0
0 0 0 1
Extrinsic: 
-0.999178 0.00383924 0.0403455 -0.0571501
0.0404521 0.0336859 0.998613 1.43807
0.00247485 0.999425 -0.0338135 67.3704
0 0 0 1
Intrinsic: 
4.18406 0 0
0 -0.0159501 0
0 4.24683 9.05584
Extrinsic: 
-0.999178 0.00383924 0.0403455
0.0404521 0.0336859 0.998613
0.00247485 0.999425 -0.0338135
0 0 0
K: 
-0.087671 0.101092 -0.111333 0.0465494
Width / Height: 
1270 720
Translation: -0.282008 -67.3799 0.844254
Rotation: 91.9377 -0.141798 177.682
W/H: 1270 720
K: -0.087671 0.101092-0.111333 0.0465494
Intrinsic: 
4.18406 -0.0159501 9.05584 0
0 4.24683 5.67465 0
0 0 0.0148433 0
0 0 0 1
Extrinsic: 
-0.999178 0.00383924 0.0403455 -0.0571501
0.0404521 0.0336859 0.998613 1.43807
0.00247485 0.999425 -0.0338135 67.3704
0 0 0 1
Intrinsic: 
4.18406 0 0
0 -0.0159501 0
0 4.24683 9.05584
Extrinsic: 
-0.999178 0.00383924 0.0403455
0.0404521 0.0336859 0.998613
0.00247485 0.999425 -0.0338135
0 0 0
K: 
-0.087671 0.101092 -0.111333 0.0465494
Width / Height: 
1270 720
Translation: -0.282008 -67.3799 0.844254
Rotation: 91.9377 -0.141798 177.682
W/H: 1270 720
K: -0.087671 0.101092-0.111333 0.0465494
Intrinsic: 
4.18406 -0.0159501 9.05584 0
0 4.24683 5.67465 0
0 0 0.0148433 0
0 0 0 1
Extrinsic: 
-0.999178 0.00383924 0.0403455 -0.0571501
0.0404521 0.0336859 0.998613 1.43807
0.00247485 0.999425 -0.0338135 67.3704
0 0 0 1
Intrinsic: 
4.18406 0 0
0 -0.0159501 0
0 4.24683 9.05584
Extrinsic: 
-0.999178 0.00383924 0.0403455
0.0404521 0.0336859 0.998613
0.00247485 0.999425 -0.0338135
0 0 0
K: 
-0.087671 0.101092 -0.111333 0.0465494
Width / Height: 
1270 720
Translation: -0.282008 -67.3799 0.844254
Rotation: 91.9377 -0.141798 177.682
W/H: 1270 720
K: -0.087671 0.101092-0.111333 0.0465494
Intrinsic: 
4.18406 -0.0159501 9.05584 0
0 4.24683 5.67465 0
0 0 0.0148433 0
0 0 0 1
Extrinsic: 
-0.999178 0.00383924 0.0403455 -0.0571501
0.0404521 0.0336859 0.998613 1.43807
0.00247485 0.999425 -0.0338135 67.3704
0 0 0 1
Intrinsic: 
4.18406 0 0
0 -0.0159501 0
0 4.24683 9.05584
Extrinsic: 
-0.999178 0.00383924 0.0403455
0.0404521 0.0336859 0.998613
0.00247485 0.999425 -0.0338135
0 0 0
K: 
-0.087671 0.101092 -0.111333 0.0465494
Width / Height: 
1270 720
Translation: -0.282008 -67.3799 0.844254
Rotation: 91.9377 -0.141798 177.682
W/H: 1270 720
K: -0.087671 0.101092-0.111333 0.0465494
Intrinsic: 
4.18406 -0.0159501 9.05584 0
0 4.24683 5.67465 0
0 0 0.0148433 0
0 0 0 1
Extrinsic: 
-0.999178 0.00383924 0.0403455 -0.0571501
0.0404521 0.0336859 0.998613 1.43807
0.00247485 0.999425 -0.0338135 67.3704
0 0 0 1
Intrinsic: 
4.18406 0 0
0 -0.0159501 0
0 4.24683 9.05584
Extrinsic: 
-0.999178 0.00383924 0.0403455
0.0404521 0.0336859 0.998613
0.00247485 0.999425 -0.0338135
0 0 0
K: 
-0.087671 0.101092 -0.111333 0.0465494
Width / Height: 
1270 720
Translation: -0.282008 -67.3799 0.844254
Rotation: 91.9377 -0.141798 177.682
W/H: 1270 720
K: -0.087671 0.101092-0.111333 0.0465494
Intrinsic: 
4.18406 -0.0159501 9.05584 0
0 4.24683 5.67465 0
0 0 0.0148433 0
0 0 0 1
Extrinsic: 
-0.999178 0.00383924 0.0403455 -0.0571501
0.0404521 0.0336859 0.998613 1.43807
0.00247485 0.999425 -0.0338135 67.3704
0 0 0 1
Intrinsic: 
4.18406 0 0
0 -0.0159501 0
0 4.24683 9.05584
Extrinsic: 
-0.999178 0.00383924 0.0403455
0.0404521 0.0336859 0.998613
0.00247485 0.999425 -0.0338135
0 0 0
K: 
-0.087671 0.101092 -0.111333 0.0465494
Width / Height: 
1270 720
Translation: -0.282008 -67.3799 0.844254
Rotation: 91.9377 -0.141798 177.682
W/H: 1270 720
K: -0.087671 0.101092-0.111333 0.0465494
Intrinsic: 
4.18406 -0.0159501 9.05584 0
0 4.24683 5.67465 0
0 0 0.0148433 0
0 0 0 1
Extrinsic: 
-0.999178 0.00383924 0.0403455 -0.0571501
0.0404521 0.0336859 0.998613 1.43807
0.00247485 0.999425 -0.0338135 67.3704
0 0 0 1
Intrinsic: 
4.18406 0 0
0 -0.0159501 0
0 4.24683 9.05584
Extrinsic: 
-0.999178 0.00383924 0.0403455
0.0404521 0.0336859 0.998613
0.00247485 0.999425 -0.0338135
0 0 0
K: 
-0.087671 0.101092 -0.111333 0.0465494
Width / Height: 
1270 720
Translation: -0.282008 -67.3799 0.844254
Rotation: 91.9377 -0.141798 177.682
W/H: 1270 720
K: -0.087671 0.101092-0.111333 0.0465494
Intrinsic: 
4.18406 -0.0159501 9.05584 0
0 4.24683 5.67465 0
0 0 0.0148433 0
0 0 0 1
Extrinsic: 
-0.999178 0.00383924 0.0403455 -0.0571501
0.0404521 0.0336859 0.998613 1.43807
0.00247485 0.999425 -0.0338135 67.3704
0 0 0 1
Intrinsic: 
4.18406 0 0
0 -0.0159501 0
0 4.24683 9.05584
Extrinsic: 
-0.999178 0.00383924 0.0403455
0.0404521 0.0336859 0.998613
0.00247485 0.999425 -0.0338135
0 0 0
K: 
-0.087671 0.101092 -0.111333 0.0465494
Width / Height: 
1270 720
Translation: -0.282008 -67.3799 0.844254
Rotation: 91.9377 -0.141798 177.682
W/H: 1270 720
K: -0.087671 0.101092-0.111333 0.0465494
Intrinsic: 
4.18406 -0.0159501 9.05584 0
0 4.24683 5.67465 0
0 0 0.0148433 0
0 0 0 1
Extrinsic: 
-0.999178 0.00383924 0.0403455 -0.0571501
0.0404521 0.0336859 0.998613 1.43807
0.00247485 0.999425 -0.0338135 67.3704
0 0 0 1
Intrinsic: 
4.18406 0 0
0 -0.0159501 0
0 4.24683 9.05584
Extrinsic: 
-0.999178 0.00383924 0.0403455
0.0404521 0.0336859 0.998613
0.00247485 0.999425 -0.0338135
0 0 0
K: 
-0.087671 0.101092 -0.111333 0.0465494
Width / Height: 
1270 720
Translation: -0.282008 -67.3799 0.844254
Rotation: 91.9377 -0.141798 177.682
W/H: 1270 720
K: -0.087671 0.101092-0.111333 0.0465494
Intrinsic: 
4.18406 -0.0159501 9.05584 0
0 4.24683 5.67465 0
0 0 0.0148433 0
0 0 0 1
Extrinsic: 
-0.999178 0.00383924 0.0403455 -0.0571501
0.0404521 0.0336859 0.998613 1.43807
0.00247485 0.999425 -0.0338135 67.3704
0 0 0 1
Intrinsic: 
4.18406 0 0
0 -0.0159501 0
0 4.24683 9.05584
Extrinsic: 
-0.999178 0.00383924 0.0403455
0.0404521 0.0336859 0.998613
0.00247485 0.999425 -0.0338135
0 0 0
K: 
-0.087671 0.101092 -0.111333 0.0465494
Width / Height: 
1270 720
Translation: -0.282008 -67.3799 0.844254
Rotation: 91.9377 -0.141798 177.682
W/H: 1270 720
K: -0.087671 0.101092-0.111333 0.0465494
Intrinsic: 
4.18406 -0.0159501 9.05584 0
0 4.24683 5.67465 0
0 0 0.0148433 0
0 0 0 1
Extrinsic: 
-0.999178 0.00383924 0.0403455 -0.0571501
0.0404521 0.0336859 0.998613 1.43807
0.00247485 0.999425 -0.0338135 67.3704
0 0 0 1
Intrinsic: 
4.18406 0 0
0 -0.0159501 0
0 4.24683 9.05584
Extrinsic: 
-0.999178 0.00383924 0.0403455
0.0404521 0.0336859 0.998613
0.00247485 0.999425 -0.0338135
0 0 0
K: 
-0.087671 0.101092 -0.111333 0.0465494
Width / Height: 
1270 720
Translation: -0.282008 -67.3799 0.844254
Rotation: 91.9377 -0.141798 177.682
W/H: 1270 720
K: -0.087671 0.101092-0.111333 0.0465494
Intrinsic: 
4.18406 -0.0159501 9.05584 0
0 4.24683 5.67465 0
0 0 0.0148433 0
0 0 0 1
Extrinsic: 
-0.999178 0.00383924 0.0403455 -0.0571501
0.0404521 0.0336859 0.998613 1.43807
0.00247485 0.999425 -0.0338135 67.3704
0 0 0 1
Intrinsic: 
4.18406 0 0
0 -0.0159501 0
0 4.24683 9.05584
Extrinsic: 
-0.999178 0.00383924 0.0403455
0.0404521 0.0336859 0.998613
0.00247485 0.999425 -0.0338135
0 0 0
K: 
-0.087671 0.101092 -0.111333 0.0465494
Width / Height: 
1270 720
Translation: -0.282008 -67.3799 0.844254
Rotation: 91.9377 -0.141798 177.682
W/H: 1270 720
K: -0.087671 0.101092-0.111333 0.0465494
Intrinsic: 
4.18406 -0.0159501 9.05584 0
0 4.24683 5.67465 0
0 0 0.0148433 0
0 0 0 1
Extrinsic: 
-0.999178 0.00383924 0.0403455 -0.0571501
0.0404521 0.0336859 0.998613 1.43807
0.00247485 0.999425 -0.0338135 67.3704
0 0 0 1
Intrinsic: 
4.18406 0 0
0 -0.0159501 0
0 4.24683 9.05584
Extrinsic: 
-0.999178 0.00383924 0.0403455
0.0404521 0.0336859 0.998613
0.00247485 0.999425 -0.0338135
0 0 0
K: 
-0.087671 0.101092 -0.111333 0.0465494
Width / Height: 
1270 720
Translation: -0.282008 -67.3799 0.844254
Rotation: 91.9377 -0.141798 177.682
W/H: 1270 720
K: -0.087671 0.101092-0.111333 0.0465494
Intrinsic: 
4.18406 -0.0159501 9.05584 0
0 4.24683 5.67465 0
0 0 0.0148433 0
0 0 0 1
Extrinsic: 
-0.999178 0.00383924 0.0403455 -0.0571501
0.0404521 0.0336859 0.998613 1.43807
0.00247485 0.999425 -0.0338135 67.3704
0 0 0 1
Intrinsic: 
4.18406 0 0
0 -0.0159501 0
0 4.24683 9.05584
Extrinsic: 
-0.999178 0.00383924 0.0403455
0.0404521 0.0336859 0.998613
0.00247485 0.999425 -0.0338135
0 0 0
K: 
-0.087671 0.101092 -0.111333 0.0465494
Width / Height: 
1270 720
Translation: -0.282008 -67.3799 0.844254
Rotation: 91.9377 -0.141798 177.682
W/H: 1270 720
K: -0.087671 0.101092-0.111333 0.0465494
Intrinsic: 
4.18406 -0.0159501 9.05584 0
0 4.24683 5.67465 0
0 0 0.0148433 0
0 0 0 1
Extrinsic: 
-0.999178 0.00383924 0.0403455 -0.0571501
0.0404521 0.0336859 0.998613 1.43807
0.00247485 0.999425 -0.0338135 67.3704
0 0 0 1
Intrinsic: 
4.18406 0 0
0 -0.0159501 0
0 4.24683 9.05584
Extrinsic: 
-0.999178 0.00383924 0.0403455
0.0404521 0.0336859 0.998613
0.00247485 0.999425 -0.0338135
0 0 0
K: 
-0.087671 0.101092 -0.111333 0.0465494
Width / Height: 
1270 720
Translation: -0.282008 -67.3799 0.844254
Rotation: 91.9377 -0.141798 177.682
W/H: 1270 720
K: -0.087671 0.101092-0.111333 0.0465494
Intrinsic: 
4.18406 -0.0159501 9.05584 0
0 4.24683 5.67465 0
0 0 0.0148433 0
0 0 0 1
Extrinsic: 
-0.999178 0.00383924 0.0403455 -0.0571501
0.0404521 0.0336859 0.998613 1.43807
0.00247485 0.999425 -0.0338135 67.3704
0 0 0 1
Intrinsic: 
4.18406 0 0
0 -0.0159501 0
0 4.24683 9.05584
Extrinsic: 
-0.999178 0.00383924 0.0403455
0.0404521 0.0336859 0.998613
0.00247485 0.999425 -0.0338135
0 0 0
K: 
-0.087671 0.101092 -0.111333 0.0465494
Width / Height: 
1270 720
Translation: -0.282008 -67.3799 0.844254
Rotation: 91.9377 -0.141798 177.682
W/H: 1270 720
K: -0.087671 0.101092-0.111333 0.0465494
Intrinsic: 
4.18406 -0.0159501 9.05584 0
0 4.24683 5.67465 0
0 0 0.0148433 0
0 0 0 1
Extrinsic: 
-0.999178 0.00383924 0.0403455 -0.0571501
0.0404521 0.0336859 0.998613 1.43807
0.00247485 0.999425 -0.0338135 67.3704
0 0 0 1
Intrinsic: 
4.18406 0 0
0 -0.0159501 0
0 4.24683 9.05584
Extrinsic: 
-0.999178 0.00383924 0.0403455
0.0404521 0.0336859 0.998613
0.00247485 0.999425 -0.0338135
0 0 0
K: 
-0.087671 0.101092 -0.111333 0.0465494
Width / Height: 
1270 720
Translation: -0.282008 -67.3799 0.844254
Rotation: 91.9377 -0.141798 177.682
W/H: 1270 720
K: -0.087671 0.101092-0.111333 0.0465494
Intrinsic: 
4.18406 -0.0159501 9.05584 0
0 4.24683 5.67465 0
0 0 0.0148433 0
0 0 0 1
Extrinsic: 
-0.999178 0.00383924 0.0403455 -0.0571501
0.0404521 0.0336859 0.998613 1.43807
0.00247485 0.999425 -0.0338135 67.3704
0 0 0 1
Intrinsic: 
4.18406 0 0
0 -0.0159501 0
0 4.24683 9.05584
Extrinsic: 
-0.999178 0.00383924 0.0403455
0.0404521 0.0336859 0.998613
0.00247485 0.999425 -0.0338135
0 0 0
K: 
-0.087671 0.101092 -0.111333 0.0465494
Width / Height: 
1270 720
Translation: -0.282008 -67.3799 0.844254
Rotation: 91.9377 -0.141798 177.682
W/H: 1270 720
K: -0.087671 0.101092-0.111333 0.0465494
Intrinsic: 
4.18406 -0.0159501 9.05584 0
0 4.24683 5.67465 0
0 0 0.0148433 0
0 0 0 1
Extrinsic: 
-0.999178 0.00383924 0.0403455 -0.0571501
0.0404521 0.0336859 0.998613 1.43807
0.00247485 0.999425 -0.0338135 67.3704
0 0 0 1
Intrinsic: 
4.18406 0 0
0 -0.0159501 0
0 4.24683 9.05584
Extrinsic: 
-0.999178 0.00383924 0.0403455
0.0404521 0.0336859 0.998613
0.00247485 0.999425 -0.0338135
0 0 0
K: 
-0.087671 0.101092 -0.111333 0.0465494
Width / Height: 
1270 720
Translation: -0.282008 -67.3799 0.844254
Rotation: 91.9377 -0.141798 177.682
W/H: 1270 720
K: -0.087671 0.101092-0.111333 0.0465494
Intrinsic: 
4.18406 -0.0159501 9.05584 0
0 4.24683 5.67465 0
0 0 0.0148433 0
0 0 0 1
Extrinsic: 
-0.999178 0.00383924 0.0403455 -0.0571501
0.0404521 0.0336859 0.998613 1.43807
0.00247485 0.999425 -0.0338135 67.3704
0 0 0 1
Intrinsic: 
4.18406 0 0
0 -0.0159501 0
0 4.24683 9.05584
Extrinsic: 
-0.999178 0.00383924 0.0403455
0.0404521 0.0336859 0.998613
0.00247485 0.999425 -0.0338135
0 0 0
K: 
-0.087671 0.101092 -0.111333 0.0465494
Width / Height: 
1270 720
Translation: -0.282008 -67.3799 0.844254
Rotation: 91.9377 -0.141798 177.682
W/H: 1270 720
K: -0.087671 0.101092-0.111333 0.0465494
Intrinsic: 
4.18406 -0.0159501 9.05584 0
0 4.24683 5.67465 0
0 0 0.0148433 0
0 0 0 1
Extrinsic: 
-0.999178 0.00383924 0.0403455 -0.0571501
0.0404521 0.0336859 0.998613 1.43807
0.00247485 0.999425 -0.0338135 67.3704
0 0 0 1
Intrinsic: 
4.18406 0 0
0 -0.0159501 0
0 4.24683 9.05584
Extrinsic: 
-0.999178 0.00383924 0.0403455
0.0404521 0.0336859 0.998613
0.00247485 0.999425 -0.0338135
0 0 0
K: 
-0.087671 0.101092 -0.111333 0.0465494
Width / Height: 
1270 720
Translation: -0.282008 -67.3799 0.844254
Rotation: 91.9377 -0.141798 177.682
W/H: 1270 720
K: -0.087671 0.101092-0.111333 0.0465494
Intrinsic: 
4.18406 -0.0159501 9.05584 0
0 4.24683 5.67465 0
0 0 0.0148433 0
0 0 0 1
Extrinsic: 
-0.999178 0.00383924 0.0403455 -0.0571501
0.0404521 0.0336859 0.998613 1.43807
0.00247485 0.999425 -0.0338135 67.3704
0 0 0 1
Intrinsic: 
4.18406 0 0
0 -0.0159501 0
0 4.24683 9.05584
Extrinsic: 
-0.999178 0.00383924 0.0403455
0.0404521 0.0336859 0.998613
0.00247485 0.999425 -0.0338135
0 0 0
K: 
-0.087671 0.101092 -0.111333 0.0465494
Width / Height: 
1270 720
Translation: -0.282008 -67.3799 0.844254
Rotation: 91.9377 -0.141798 177.682
W/H: 1270 720
K: -0.087671 0.101092-0.111333 0.0465494
Intrinsic: 
4.18406 -0.0159501 9.05584 0
0 4.24683 5.67465 0
0 0 0.0148433 0
0 0 0 1
Extrinsic: 
-0.999178 0.00383924 0.0403455 -0.0571501
0.0404521 0.0336859 0.998613 1.43807
0.00247485 0.999425 -0.0338135 67.3704
0 0 0 1
Intrinsic: 
4.18406 0 0
0 -0.0159501 0
0 4.24683 9.05584
Extrinsic: 
-0.999178 0.00383924 0.0403455
0.0404521 0.0336859 0.998613
0.00247485 0.999425 -0.0338135
0 0 0
K: 
-0.087671 0.101092 -0.111333 0.0465494
Width / Height: 
1270 720
Translation: -0.282008 -67.3799 0.844254
Rotation: 91.9377 -0.141798 177.682
W/H: 1270 720
K: -0.087671 0.101092-0.111333 0.0465494
Intrinsic: 
4.18406 -0.0159501 9.05584 0
0 4.24683 5.67465 0
0 0 0.0148433 0
0 0 0 1
Extrinsic: 
-0.999178 0.00383924 0.0403455 -0.0571501
0.0404521 0.0336859 0.998613 1.43807
0.00247485 0.999425 -0.0338135 67.3704
0 0 0 1
Intrinsic: 
4.18406 0 0
0 -0.0159501 0
0 4.24683 9.05584
Extrinsic: 
-0.999178 0.00383924 0.0403455
0.0404521 0.0336859 0.998613
0.00247485 0.999425 -0.0338135
0 0 0
K: 
-0.087671 0.101092 -0.111333 0.0465494
Width / Height: 
1270 720
Translation: -0.282008 -67.3799 0.844254
Rotation: 91.9377 -0.141798 177.682
W/H: 1270 720
K: -0.087671 0.101092-0.111333 0.0465494
Intrinsic: 
4.18406 -0.0159501 9.05584 0
0 4.24683 5.67465 0
0 0 0.0148433 0
0 0 0 1
Extrinsic: 
-0.999178 0.00383924 0.0403455 -0.0571501
0.0404521 0.0336859 0.998613 1.43807
0.00247485 0.999425 -0.0338135 67.3704
0 0 0 1
Intrinsic: 
4.18406 0 0
0 -0.0159501 0
0 4.24683 9.05584
Extrinsic: 
-0.999178 0.00383924 0.0403455
0.0404521 0.0336859 0.998613
0.00247485 0.999425 -0.0338135
0 0 0
K: 
-0.087671 0.101092 -0.111333 0.0465494
Width / Height: 
1270 720
Translation: -0.282008 -67.3799 0.844254
Rotation: 91.9377 -0.141798 177.682
W/H: 1270 720
K: -0.087671 0.101092-0.111333 0.0465494
Intrinsic: 
4.18406 -0.0159501 9.05584 0
0 4.24683 5.67465 0
0 0 0.0148433 0
0 0 0 1
Extrinsic: 
-0.999178 0.00383924 0.0403455 -0.0571501
0.0404521 0.0336859 0.998613 1.43807
0.00247485 0.999425 -0.0338135 67.3704
0 0 0 1
Intrinsic: 
4.18406 0 0
0 -0.0159501 0
0 4.24683 9.05584
Extrinsic: 
-0.999178 0.00383924 0.0403455
0.0404521 0.0336859 0.998613
0.00247485 0.999425 -0.0338135
0 0 0
K: 
-0.087671 0.101092 -0.111333 0.0465494
Width / Height: 
1270 720
Translation: -0.282008 -67.3799 0.844254
Rotation: 91.9377 -0.141798 177.682
W/H: 1270 720
K: -0.087671 0.101092-0.111333 0.0465494
Intrinsic: 
4.18406 -0.0159501 9.05584 0
0 4.24683 5.67465 0
0 0 0.0148433 0
0 0 0 1
Extrinsic: 
-0.999178 0.00383924 0.0403455 -0.0571501
0.0404521 0.0336859 0.998613 1.43807
0.00247485 0.999425 -0.0338135 67.3704
0 0 0 1
Intrinsic: 
4.18406 0 0
0 -0.0159501 0
0 4.24683 9.05584
Extrinsic: 
-0.999178 0.00383924 0.0403455
0.0404521 0.0336859 0.998613
0.00247485 0.999425 -0.0338135
0 0 0
K: 
-0.087671 0.101092 -0.111333 0.0465494
Width / Height: 
1270 720
Translation: -0.282008 -67.3799 0.844254
Rotation: 91.9377 -0.141798 177.682
W/H: 1270 720
K: -0.087671 0.101092-0.111333 0.0465494
Intrinsic: 
4.18406 -0.0159501 9.05584 0
0 4.24683 5.67465 0
0 0 0.0148433 0
0 0 0 1
Extrinsic: 
-0.999178 0.00383924 0.0403455 -0.0571501
0.0404521 0.0336859 0.998613 1.43807
0.00247485 0.999425 -0.0338135 67.3704
0 0 0 1
Intrinsic: 
4.18406 0 0
0 -0.0159501 0
0 4.24683 9.05584
Extrinsic: 
-0.999178 0.00383924 0.0403455
0.0404521 0.0336859 0.998613
0.00247485 0.999425 -0.0338135
0 0 0
K: 
-0.087671 0.101092 -0.111333 0.0465494
Width / Height: 
1270 720
Translation: -0.282008 -67.3799 0.844254
Rotation: 91.9377 -0.141798 177.682
W/H: 1270 720
K: -0.087671 0.101092-0.111333 0.0465494
Intrinsic: 
4.18406 -0.0159501 9.05584 0
0 4.24683 5.67465 0
0 0 0.0148433 0
0 0 0 1
Extrinsic: 
-0.999178 0.00383924 0.0403455 -0.0571501
0.0404521 0.0336859 0.998613 1.43807
0.00247485 0.999425 -0.0338135 67.3704
0 0 0 1
Intrinsic: 
4.18406 0 0
0 -0.0159501 0
0 4.24683 9.05584
Extrinsic: 
-0.999178 0.00383924 0.0403455
0.0404521 0.0336859 0.998613
0.00247485 0.999425 -0.0338135
0 0 0
K: 
-0.087671 0.101092 -0.111333 0.0465494
Width / Height: 
1270 720
Translation: -0.282008 -67.3799 0.844254
Rotation: 91.9377 -0.141798 177.682
W/H: 1270 720
K: -0.087671 0.101092-0.111333 0.0465494
Intrinsic: 
4.18406 -0.0159501 9.05584 0
0 4.24683 5.67465 0
0 0 0.0148433 0
0 0 0 1
Extrinsic: 
-0.999178 0.00383924 0.0403455 -0.0571501
0.0404521 0.0336859 0.998613 1.43807
0.00247485 0.999425 -0.0338135 67.3704
0 0 0 1
Intrinsic: 
4.18406 0 0
0 -0.0159501 0
0 4.24683 9.05584
Extrinsic: 
-0.999178 0.00383924 0.0403455
0.0404521 0.0336859 0.998613
0.00247485 0.999425 -0.0338135
0 0 0
K: 
-0.087671 0.101092 -0.111333 0.0465494
Width / Height: 
1270 720
Translation: -0.282008 -67.3799 0.844254
Rotation: 91.9377 -0.141798 177.682
W/H: 1270 720
K: -0.087671 0.101092-0.111333 0.0465494
Intrinsic: 
4.18406 -0.0159501 9.05584 0
0 4.24683 5.67465 0
0 0 0.0148433 0
0 0 0 1
Extrinsic: 
-0.999178 0.00383924 0.0403455 -0.0571501
0.0404521 0.0336859 0.998613 1.43807
0.00247485 0.999425 -0.0338135 67.3704
0 0 0 1
Intrinsic: 
4.18406 0 0
0 -0.0159501 0
0 4.24683 9.05584
Extrinsic: 
-0.999178 0.00383924 0.0403455
0.0404521 0.0336859 0.998613
0.00247485 0.999425 -0.0338135
0 0 0
K: 
-0.087671 0.101092 -0.111333 0.0465494
Width / Height: 
1270 720
Translation: -0.282008 -67.3799 0.844254
Rotation: 91.9377 -0.141798 177.682
W/H: 1270 720
K: -0.087671 0.101092-0.111333 0.0465494
Intrinsic: 
4.18406 -0.0159501 9.05584 0
0 4.24683 5.67465 0
0 0 0.0148433 0
0 0 0 1
Extrinsic: 
-0.999178 0.00383924 0.0403455 -0.0571501
0.0404521 0.0336859 0.998613 1.43807
0.00247485 0.999425 -0.0338135 67.3704
0 0 0 1
Intrinsic: 
4.18406 0 0
0 -0.0159501 0
0 4.24683 9.05584
Extrinsic: 
-0.999178 0.00383924 0.0403455
0.0404521 0.0336859 0.998613
0.00247485 0.999425 -0.0338135
0 0 0
K: 
-0.087671 0.101092 -0.111333 0.0465494
Width / Height: 
1270 720
Translation: -0.282008 -67.3799 0.844254
Rotation: 91.9377 -0.141798 177.682
W/H: 1270 720
K: -0.087671 0.101092-0.111333 0.0465494
Intrinsic: 
4.18406 -0.0159501 9.05584 0
0 4.24683 5.67465 0
0 0 0.0148433 0
0 0 0 1
Extrinsic: 
-0.999178 0.00383924 0.0403455 -0.0571501
0.0404521 0.0336859 0.998613 1.43807
0.00247485 0.999425 -0.0338135 67.3704
0 0 0 1
Intrinsic: 
4.18406 0 0
0 -0.0159501 0
0 4.24683 9.05584
Extrinsic: 
-0.999178 0.00383924 0.0403455
0.0404521 0.0336859 0.998613
0.00247485 0.999425 -0.0338135
0 0 0
K: 
-0.087671 0.101092 -0.111333 0.0465494
Width / Height: 
1270 720
Translation: -0.282008 -67.3799 0.844254
Rotation: 91.9377 -0.141798 177.682
W/H: 1270 720
K: -0.087671 0.101092-0.111333 0.0465494
Intrinsic: 
4.18406 -0.0159501 9.05584 0
0 4.24683 5.67465 0
0 0 0.0148433 0
0 0 0 1
Extrinsic: 
-0.999178 0.00383924 0.0403455 -0.0571501
0.0404521 0.0336859 0.998613 1.43807
0.00247485 0.999425 -0.0338135 67.3704
0 0 0 1
Intrinsic: 
4.18406 0 0
0 -0.0159501 0
0 4.24683 9.05584
Extrinsic: 
-0.999178 0.00383924 0.0403455
0.0404521 0.0336859 0.998613
0.00247485 0.999425 -0.0338135
0 0 0
K: 
-0.087671 0.101092 -0.111333 0.0465494
Width / Height: 
1270 720
Translation: -0.282008 -67.3799 0.844254
Rotation: 91.9377 -0.141798 177.682
W/H: 1270 720
K: -0.087671 0.101092-0.111333 0.0465494
Intrinsic: 
4.18406 -0.0159501 9.05584 0
0 4.24683 5.67465 0
0 0 0.0148433 0
0 0 0 1
Extrinsic: 
-0.999178 0.00383924 0.0403455 -0.0571501
0.0404521 0.0336859 0.998613 1.43807
0.00247485 0.999425 -0.0338135 67.3704
0 0 0 1
Intrinsic: 
4.18406 0 0
0 -0.0159501 0
0 4.24683 9.05584
Extrinsic: 
-0.999178 0.00383924 0.0403455
0.0404521 0.0336859 0.998613
0.00247485 0.999425 -0.0338135
0 0 0
K: 
-0.087671 0.101092 -0.111333 0.0465494
Width / Height: 
1270 720
Translation: -0.282008 -67.3799 0.844254
Rotation: 91.9377 -0.141798 177.682
W/H: 1270 720
K: -0.087671 0.101092-0.111333 0.0465494
Intrinsic: 
4.18406 -0.0159501 9.05584 0
0 4.24683 5.67465 0
0 0 0.0148433 0
0 0 0 1
Extrinsic: 
-0.999178 0.00383924 0.0403455 -0.0571501
0.0404521 0.0336859 0.998613 1.43807
0.00247485 0.999425 -0.0338135 67.3704
0 0 0 1
Intrinsic: 
4.18406 0 0
0 -0.0159501 0
0 4.24683 9.05584
Extrinsic: 
-0.999178 0.00383924 0.0403455
0.0404521 0.0336859 0.998613
0.00247485 0.999425 -0.0338135
0 0 0
K: 
-0.087671 0.101092 -0.111333 0.0465494
Width / Height: 
1270 720
Translation: -0.282008 -67.3799 0.844254
Rotation: 91.9377 -0.141798 177.682
W/H: 1270 720
K: -0.087671 0.101092-0.111333 0.0465494
Intrinsic: 
4.18406 -0.0159501 9.05584 0
0 4.24683 5.67465 0
0 0 0.0148433 0
0 0 0 1
Extrinsic: 
-0.999178 0.00383924 0.0403455 -0.0571501
0.0404521 0.0336859 0.998613 1.43807
0.00247485 0.999425 -0.0338135 67.3704
0 0 0 1
Intrinsic: 
4.18406 0 0
0 -0.0159501 0
0 4.24683 9.05584
Extrinsic: 
-0.999178 0.00383924 0.0403455
0.0404521 0.0336859 0.998613
0.00247485 0.999425 -0.0338135
0 0 0
K: 
-0.087671 0.101092 -0.111333 0.0465494
Width / Height: 
1270 720
Translation: -0.282008 -67.3799 0.844254
Rotation: 91.9377 -0.141798 177.682
W/H: 1270 720
K: -0.087671 0.101092-0.111333 0.0465494
Intrinsic: 
4.18406 -0.0159501 9.05584 0
0 4.24683 5.67465 0
0 0 0.0148433 0
0 0 0 1
Extrinsic: 
-0.999178 0.00383924 0.0403455 -0.0571501
0.0404521 0.0336859 0.998613 1.43807
0.00247485 0.999425 -0.0338135 67.3704
0 0 0 1
Intrinsic: 
4.18406 0 0
0 -0.0159501 0
0 4.24683 9.05584
Extrinsic: 
-0.999178 0.00383924 0.0403455
0.0404521 0.0336859 0.998613
0.00247485 0.999425 -0.0338135
0 0 0
K: 
-0.087671 0.101092 -0.111333 0.0465494
Width / Height: 
1270 720
Translation: -0.282008 -67.3799 0.844254
Rotation: 91.9377 -0.141798 177.682
W/H: 1270 720
K: -0.087671 0.101092-0.111333 0.0465494
Intrinsic: 
4.18406 -0.0159501 9.05584 0
0 4.24683 5.67465 0
0 0 0.0148433 0
0 0 0 1
Extrinsic: 
-0.999178 0.00383924 0.0403455 -0.0571501
0.0404521 0.0336859 0.998613 1.43807
0.00247485 0.999425 -0.0338135 67.3704
0 0 0 1
Intrinsic: 
4.18406 0 0
0 -0.0159501 0
0 4.24683 9.05584
Extrinsic: 
-0.999178 0.00383924 0.0403455
0.0404521 0.0336859 0.998613
0.00247485 0.999425 -0.0338135
0 0 0
K: 
-0.087671 0.101092 -0.111333 0.0465494
Width / Height: 
1270 720
Translation: -0.282008 -67.3799 0.844254
Rotation: 91.9377 -0.141798 177.682
W/H: 1270 720
K: -0.087671 0.101092-0.111333 0.0465494
Intrinsic: 
4.18406 -0.0159501 9.05584 0
0 4.24683 5.67465 0
0 0 0.0148433 0
0 0 0 1
Extrinsic: 
-0.999178 0.00383924 0.0403455 -0.0571501
0.0404521 0.0336859 0.998613 1.43807
0.00247485 0.999425 -0.0338135 67.3704
0 0 0 1
Intrinsic: 
4.18406 0 0
0 -0.0159501 0
0 4.24683 9.05584
Extrinsic: 
-0.999178 0.00383924 0.0403455
0.0404521 0.0336859 0.998613
0.00247485 0.999425 -0.0338135
0 0 0
K: 
-0.087671 0.101092 -0.111333 0.0465494
Width / Height: 
1270 720
Translation: -0.282008 -67.3799 0.844254
Rotation: 91.9377 -0.141798 177.682
W/H: 1270 720
K: -0.087671 0.101092-0.111333 0.0465494
Intrinsic: 
4.18406 -0.0159501 9.05584 0
0 4.24683 5.67465 0
0 0 0.0148433 0
0 0 0 1
Extrinsic: 
